-20.3369140625 71.77734375 -1.495361328125
-21.0845947265625 72.8240966796875 -1.3458251953125
-21.533203125 72.37548828125 -1.495361328125
-20.635986328125 72.674560546875 -2.392578125
-21.3836669921875 72.8240966796875 -0.7476806640625
-20.93505859375 70.5810546875 -0.59814453125
-19.73876953125 71.77734375 -1.1962890625
-21.0845947265625 71.3287353515625 -1.6448974609375
-21.0845947265625 71.9268798828125 -1.9439697265625
-20.1873779296875 71.6278076171875 -0.7476806640625
-20.4864501953125 72.5250244140625 -0.4486083984375
-19.8883056640625 72.2259521484375 -1.9439697265625
-20.7855224609375 71.6278076171875 -1.6448974609375
-20.4864501953125 71.6278076171875 -0.7476806640625
-20.3369140625 72.076416015625 -0.897216796875
-21.6827392578125 73.1231689453125 -1.3458251953125
-21.0845947265625 71.9268798828125 -0.1495361328125
-20.7855224609375 72.2259521484375 -1.0467529296875
-19.2901611328125 70.7305908203125 -0.7476806640625
-19.73876953125 72.37548828125 -1.79443359375
-20.93505859375 72.37548828125 -2.392578125
-20.3369140625 71.77734375 -2.392578125
-19.5892333984375 72.2259521484375 -0.4486083984375
-20.4864501953125 73.1231689453125 -0.7476806640625
-20.635986328125 72.674560546875 -1.1962890625
-19.140625 71.77734375 -1.495361328125
-19.439697265625 72.37548828125 -1.79443359375
-19.2901611328125 71.9268798828125 -1.6448974609375
-19.73876953125 71.77734375 -0.299072265625
-17.645263671875 72.37548828125 -1.1962890625
-18.6920166015625 72.5250244140625 -1.0467529296875
-16.748046875 72.37548828125 -0.299072265625
-16.8975830078125 72.2259521484375 -1.6448974609375
-18.243408203125 72.9736328125 -1.495361328125
-18.0938720703125 71.6278076171875 -1.6448974609375
-17.34619140625 72.37548828125 -0.897216796875
-18.9910888671875 71.9268798828125 -1.0467529296875
-18.54248046875 72.674560546875 -0.59814453125
-17.645263671875 72.076416015625 -0.59814453125
-18.54248046875 73.272705078125 -1.1962890625
-19.2901611328125 72.8240966796875 -1.3458251953125
-17.9443359375 72.076416015625 -0.59814453125
-19.8883056640625 71.6278076171875 -0.7476806640625
-19.5892333984375 71.0296630859375 -1.0467529296875
-19.140625 71.77734375 -0.897216796875
-18.9910888671875 72.8240966796875 -1.3458251953125
-19.5892333984375 71.6278076171875 -0.1495361328125
-19.8883056640625 73.4222412109375 0.1495361328125
-20.1873779296875 72.5250244140625 -1.9439697265625
-19.140625 72.674560546875 -0.299072265625
-19.439697265625 72.076416015625 -0.299072265625
-19.2901611328125 71.6278076171875 -1.0467529296875
-18.9910888671875 72.2259521484375 -1.0467529296875
-18.9910888671875 71.9268798828125 0.4486083984375
-17.047119140625 72.674560546875 -0.897216796875
-18.841552734375 71.77734375 0.299072265625
-17.4957275390625 71.9268798828125 -0.7476806640625
-16.0003662109375 73.4222412109375 -0.4486083984375
-15.850830078125 72.674560546875 -0.59814453125
-16.8975830078125 73.1231689453125 -1.6448974609375
-15.252685546875 73.272705078125 -1.495361328125
-14.35546875 72.9736328125 -0.59814453125
-13.6077880859375 71.3287353515625 -0.1495361328125
-13.75732421875 74.169921875 -0.897216796875
-13.1591796875 72.9736328125 -1.79443359375
-13.458251953125 72.674560546875 -2.093505859375
-14.8040771484375 73.7213134765625 -1.0467529296875
-14.056396484375 72.37548828125 -1.1962890625
-15.252685546875 73.272705078125 -1.79443359375
-14.056396484375 73.272705078125 -2.093505859375
-15.1031494140625 72.5250244140625 -1.0467529296875
-14.35546875 71.77734375 -0.897216796875
-14.35546875 72.37548828125 -1.1962890625
-13.1591796875 72.9736328125 -0.897216796875
-14.056396484375 72.37548828125 -0.299072265625
-11.065673828125 70.880126953125 -0.299072265625
-12.261962890625 72.9736328125 0.0
-11.36474609375 71.478271484375 -0.299072265625
-11.2152099609375 71.6278076171875 -0.7476806640625
-12.1124267578125 71.9268798828125 -1.9439697265625
-12.261962890625 71.77734375 -0.897216796875
-10.7666015625 71.478271484375 -0.59814453125
-11.36474609375 70.880126953125 -0.299072265625
-11.663818359375 72.9736328125 -0.59814453125
-10.467529296875 72.674560546875 -1.1962890625
-10.9161376953125 72.2259521484375 -1.3458251953125
-10.7666015625 72.076416015625 -0.299072265625
-10.16845703125 70.281982421875 -0.59814453125
-10.16845703125 72.076416015625 -0.897216796875
-10.7666015625 71.77734375 1.495361328125
-11.065673828125 71.17919921875 -1.1962890625
-10.7666015625 72.37548828125 -1.495361328125
-10.7666015625 71.478271484375 0.897216796875
-10.6170654296875 71.3287353515625 -1.0467529296875
-10.3179931640625 71.0296630859375 -0.4486083984375
-11.065673828125 70.5810546875 -0.299072265625
-11.663818359375 71.478271484375 -0.897216796875
-10.7666015625 70.281982421875 -1.495361328125
-10.7666015625 71.17919921875 0.299072265625
-11.663818359375 71.77734375 -1.79443359375
-10.6170654296875 71.9268798828125 -0.1495361328125
-10.467529296875 71.17919921875 0.299072265625
-9.869384765625 69.085693359375 -0.59814453125
-8.5235595703125 71.0296630859375 -1.3458251953125
-9.1217041015625 70.1324462890625 0.4486083984375
-8.3740234375 68.487548828125 -1.1962890625
-8.074951171875 69.384765625 -1.495361328125
-8.074951171875 69.98291015625 0.0
-8.074951171875 69.98291015625 0.897216796875
-8.074951171875 69.98291015625 0.0
-7.9254150390625 68.3380126953125 0.1495361328125
-7.0281982421875 68.6370849609375 0.4486083984375
-8.97216796875 68.78662109375 0.0
-8.3740234375 68.78662109375 1.495361328125
-8.8226318359375 67.1417236328125 -0.7476806640625
-8.97216796875 68.487548828125 -0.59814453125
-8.3740234375 67.889404296875 0.299072265625
-8.97216796875 67.291259765625 0.897216796875
-9.1217041015625 67.4407958984375 -0.7476806640625
-8.8226318359375 65.3472900390625 0.4486083984375
-7.476806640625 66.693115234375 -0.299072265625
-8.8226318359375 64.7491455078125 1.6448974609375
-8.074951171875 64.300537109375 0.897216796875
-7.0281982421875 63.5528564453125 1.0467529296875
-7.476806640625 63.104248046875 1.79443359375
-5.9814453125 62.80517578125 0.897216796875
-5.5328369140625 61.7584228515625 1.0467529296875
-3.887939453125 61.0107421875 1.495361328125
-4.0374755859375 59.6649169921875 0.7476806640625
-3.7384033203125 60.2630615234375 1.0467529296875
-4.3365478515625 59.9639892578125 1.6448974609375
-3.7384033203125 60.5621337890625 0.7476806640625
-3.887939453125 59.515380859375 0.897216796875
-3.7384033203125 59.3658447265625 1.3458251953125
-4.6356201171875 57.2723388671875 1.0467529296875
-4.78515625 58.319091796875 2.691650390625
-4.78515625 57.122802734375 1.1962890625
-5.2337646484375 56.6741943359375 1.0467529296875
-3.7384033203125 56.3751220703125 2.2430419921875
-4.3365478515625 54.2816162109375 1.9439697265625
-3.887939453125 56.2255859375 2.093505859375
-3.5888671875 55.62744140625 1.79443359375
-3.5888671875 54.132080078125 1.495361328125
-3.289794921875 52.935791015625 0.59814453125
-3.887939453125 53.23486328125 0.299072265625
-3.289794921875 53.8330078125 1.495361328125
-3.887939453125 52.935791015625 2.093505859375
-4.486083984375 51.4404296875 0.897216796875
-4.78515625 51.4404296875 1.1962890625
-4.0374755859375 50.9918212890625 0.7476806640625
-4.18701171875 51.141357421875 1.1962890625
-3.7384033203125 48.8983154296875 1.6448974609375
-5.084228515625 49.346923828125 1.495361328125
-4.486083984375 49.0478515625 0.59814453125
-4.9346923828125 47.1038818359375 1.0467529296875
-5.682373046875 46.6552734375 1.79443359375
-4.9346923828125 47.4029541015625 0.7476806640625
-4.486083984375 46.6552734375 1.1962890625
-5.5328369140625 45.0103759765625 1.0467529296875
-4.78515625 45.159912109375 1.79443359375
-5.2337646484375 45.9075927734375 1.6448974609375
-5.084228515625 44.86083984375 0.59814453125
-4.9346923828125 44.1131591796875 0.1495361328125
-5.9814453125 44.86083984375 1.79443359375
-4.6356201171875 43.2159423828125 1.6448974609375
-4.3365478515625 44.1131591796875 0.4486083984375
-4.486083984375 43.66455078125 1.495361328125
-6.878662109375 43.66455078125 -0.59814453125
-6.57958984375 43.963623046875 0.59814453125
-7.0281982421875 43.5150146484375 1.0467529296875
-5.9814453125 43.66455078125 1.495361328125
-7.9254150390625 42.9168701171875 1.9439697265625
-7.0281982421875 43.2159423828125 0.4486083984375
-8.97216796875 43.06640625 0.897216796875
-9.271240234375 43.06640625 0.59814453125
-10.0189208984375 44.4122314453125 0.7476806640625
-11.5142822265625 42.0196533203125 1.3458251953125
-11.663818359375 41.571044921875 1.495361328125
-11.663818359375 41.8701171875 1.1962890625
-12.56103515625 42.46826171875 0.897216796875
-11.962890625 40.972900390625 0.299072265625
-13.0096435546875 41.4215087890625 0.7476806640625
-12.7105712890625 39.6270751953125 -0.1495361328125
-13.3087158203125 39.6270751953125 0.4486083984375
-13.6077880859375 40.8233642578125 0.7476806640625
-12.261962890625 40.07568359375 0.897216796875
-11.5142822265625 39.9261474609375 1.6448974609375
-11.5142822265625 39.3280029296875 0.7476806640625
-11.5142822265625 38.7298583984375 0.4486083984375
-11.962890625 39.178466796875 0.897216796875
-10.7666015625 39.178466796875 1.495361328125
-11.2152099609375 39.0289306640625 0.1495361328125
-12.56103515625 39.4775390625 0.59814453125
-13.9068603515625 39.3280029296875 0.1495361328125
-12.7105712890625 39.3280029296875 1.0467529296875
-14.654541015625 38.28125 0.59814453125
-15.252685546875 39.4775390625 0.897216796875
-15.252685546875 39.178466796875 0.299072265625
-17.047119140625 39.178466796875 0.897216796875
-16.5985107421875 40.2252197265625 0.4486083984375
-18.841552734375 39.4775390625 1.495361328125
-18.54248046875 38.580322265625 0.0
-18.54248046875 39.4775390625 0.59814453125
-19.2901611328125 39.9261474609375 1.0467529296875
-19.2901611328125 39.3280029296875 0.4486083984375
-19.2901611328125 40.5242919921875 0.4486083984375
-20.635986328125 38.87939453125 0.897216796875
-21.0845947265625 39.9261474609375 0.7476806640625
-21.3836669921875 39.9261474609375 0.7476806640625
-22.13134765625 38.580322265625 1.495361328125
-21.533203125 40.972900390625 0.897216796875
-22.5799560546875 40.5242919921875 1.0467529296875
-23.92578125 40.673828125 0.299072265625
-22.8790283203125 41.4215087890625 0.1495361328125
-24.3743896484375 39.6270751953125 -0.1495361328125
-24.9725341796875 41.1224365234375 0.4486083984375
-24.9725341796875 41.4215087890625 0.1495361328125
-25.2716064453125 41.4215087890625 -0.7476806640625
-26.1688232421875 42.3187255859375 -0.1495361328125
-26.318359375 42.169189453125 0.299072265625
-26.617431640625 42.46826171875 1.1962890625
-26.318359375 42.46826171875 -0.299072265625
-26.91650390625 41.8701171875 0.59814453125
-26.7669677734375 42.3187255859375 0.1495361328125
-27.5146484375 43.365478515625 0.897216796875
-28.11279296875 44.2626953125 0.59814453125
-29.4586181640625 45.3094482421875 0.4486083984375
-29.1595458984375 45.6085205078125 0.7476806640625
-28.8604736328125 46.8048095703125 -0.7476806640625
-30.0567626953125 48.0010986328125 -0.4486083984375
-32.1502685546875 48.8983154296875 1.0467529296875
-31.8511962890625 50.3936767578125 -1.0467529296875
-31.402587890625 49.0478515625 -0.59814453125
-31.402587890625 51.141357421875 0.299072265625
-32.2998046875 51.739501953125 0.59814453125
-30.804443359375 54.43115234375 0.299072265625
-32.1502685546875 53.6834716796875 -0.4486083984375
-33.197021484375 55.029296875 -0.299072265625
-33.0474853515625 56.3751220703125 -0.4486083984375
-33.197021484375 56.82373046875 -0.299072265625
-33.6456298828125 56.9732666015625 -1.0467529296875
-33.9447021484375 59.0667724609375 -0.7476806640625
-33.6456298828125 59.9639892578125 0.4486083984375
-32.4493408203125 60.5621337890625 -1.0467529296875
-32.000732421875 60.113525390625 -2.093505859375
-31.8511962890625 60.8612060546875 -0.7476806640625
-32.1502685546875 62.3565673828125 -0.1495361328125
-31.2530517578125 62.0574951171875 -0.7476806640625
-31.8511962890625 62.3565673828125 0.4486083984375
-30.804443359375 63.702392578125 -0.299072265625
-29.7576904296875 63.8519287109375 -0.4486083984375
-29.4586181640625 63.5528564453125 -1.3458251953125
-29.9072265625 65.19775390625 -0.299072265625
-30.0567626953125 66.5435791015625 -1.0467529296875
-29.30908203125 64.898681640625 -0.59814453125
-28.11279296875 66.094970703125 -0.897216796875
-28.5614013671875 65.9454345703125 -0.7476806640625
-28.5614013671875 66.2445068359375 -0.4486083984375
-28.411865234375 66.9921875 -0.299072265625
-27.215576171875 68.1884765625 -1.1962890625
-28.5614013671875 65.9454345703125 -0.7476806640625
-27.0660400390625 66.5435791015625 0.4486083984375
-27.3651123046875 66.8426513671875 0.1495361328125
-26.91650390625 67.59033203125 0.0
-28.2623291015625 68.6370849609375 -0.7476806640625
-27.5146484375 68.1884765625 -1.1962890625
-24.822998046875 68.487548828125 -3.887939453125
-28.11279296875 68.78662109375 -1.1962890625
-27.3651123046875 69.8333740234375 -1.9439697265625
-26.617431640625 68.487548828125 -0.299072265625
-26.617431640625 69.683837890625 -2.093505859375
-27.3651123046875 69.2352294921875 -0.7476806640625
-26.617431640625 69.085693359375 -1.1962890625
-26.4678955078125 71.3287353515625 -0.7476806640625
-25.1220703125 69.98291015625 -1.79443359375
-24.822998046875 69.384765625 -0.897216796875
-25.2716064453125 70.1324462890625 -1.0467529296875
-24.52392578125 69.085693359375 0.299072265625
-24.6734619140625 69.8333740234375 -0.7476806640625
-24.224853515625 70.281982421875 -1.79443359375
-22.7294921875 69.384765625 -0.299072265625
-24.822998046875 71.17919921875 -0.299072265625
-23.1781005859375 70.4315185546875 -0.4486083984375
-23.626708984375 69.683837890625 -1.79443359375
-22.7294921875 70.5810546875 -0.897216796875
-22.8790283203125 70.1324462890625 -0.7476806640625
-22.7294921875 71.17919921875 -1.1962890625
-22.13134765625 70.5810546875 -0.299072265625
-22.430419921875 70.5810546875 -0.299072265625
-22.430419921875 71.17919921875 -0.59814453125
-21.832275390625 71.77734375 -0.59814453125
-21.832275390625 70.5810546875 -0.897216796875
-21.6827392578125 70.7305908203125 -1.0467529296875
-21.533203125 72.37548828125 -0.59814453125
-21.234130859375 70.880126953125 -0.59814453125
-21.533203125 71.478271484375 -1.1962890625
-19.2901611328125 72.2259521484375 -0.4486083984375
-21.0845947265625 70.1324462890625 -1.3458251953125
-21.0845947265625 71.9268798828125 -0.1495361328125
-19.8883056640625 72.5250244140625 0.1495361328125
-20.7855224609375 71.6278076171875 -1.0467529296875
-20.4864501953125 72.2259521484375 -0.4486083984375
-20.4864501953125 72.2259521484375 -1.6448974609375
-20.93505859375 71.77734375 -1.1962890625
-20.93505859375 72.9736328125 -0.59814453125
-19.439697265625 73.272705078125 -0.299072265625
-21.234130859375 73.57177734375 -1.1962890625
-20.4864501953125 72.2259521484375 -0.1495361328125
-20.635986328125 72.076416015625 -0.59814453125
-20.4864501953125 71.9268798828125 -1.3458251953125
-21.0845947265625 73.4222412109375 -0.1495361328125
-20.037841796875 72.076416015625 -0.897216796875
-21.0845947265625 72.2259521484375 -1.0467529296875
-19.8883056640625 72.5250244140625 -0.4486083984375
-20.4864501953125 72.2259521484375 -2.5421142578125
-21.0845947265625 72.5250244140625 -0.7476806640625
-20.635986328125 72.674560546875 -1.1962890625
-19.5892333984375 73.7213134765625 -1.0467529296875
-19.73876953125 71.77734375 -1.79443359375
-20.4864501953125 74.0203857421875 -1.0467529296875
-20.1873779296875 72.2259521484375 -0.7476806640625
-20.4864501953125 72.8240966796875 -1.0467529296875
-20.1873779296875 73.7213134765625 -1.3458251953125
-19.439697265625 72.9736328125 -2.093505859375
-20.635986328125 72.076416015625 -0.897216796875
-20.037841796875 72.37548828125 -1.495361328125
-20.3369140625 73.272705078125 -0.897216796875
-20.7855224609375 72.2259521484375 -1.6448974609375
-20.3369140625 72.076416015625 -1.79443359375
-19.73876953125 73.57177734375 -2.093505859375
-19.8883056640625 72.8240966796875 -1.0467529296875
-19.140625 71.77734375 -1.1962890625
-19.73876953125 71.478271484375 -0.59814453125
-20.3369140625 73.57177734375 -1.1962890625
-20.037841796875 73.272705078125 -1.79443359375
-20.037841796875 72.37548828125 -1.79443359375
-21.6827392578125 72.5250244140625 -1.0467529296875
-21.533203125 71.77734375 -1.1962890625
-20.4864501953125 71.9268798828125 -1.6448974609375
-21.234130859375 73.272705078125 -2.392578125
-20.93505859375 71.77734375 -1.1962890625
-20.635986328125 72.9736328125 -1.1962890625
-21.6827392578125 72.8240966796875 -1.0467529296875
-21.0845947265625 71.3287353515625 -1.6448974609375
-21.3836669921875 71.6278076171875 -0.1495361328125
-19.8883056640625 72.2259521484375 0.1495361328125
-21.9818115234375 72.5250244140625 -2.5421142578125
-20.93505859375 70.880126953125 -2.093505859375
-20.7855224609375 72.5250244140625 -1.6448974609375
-20.1873779296875 72.5250244140625 -1.3458251953125
-22.2808837890625 72.2259521484375 -1.3458251953125
-20.93505859375 72.37548828125 -1.1962890625
-21.234130859375 72.37548828125 -0.59814453125
-20.4864501953125 72.8240966796875 -1.0467529296875
-20.7855224609375 72.5250244140625 -2.2430419921875
-21.9818115234375 72.5250244140625 -1.6448974609375
-22.2808837890625 72.8240966796875 -1.6448974609375
-21.533203125 72.674560546875 -1.495361328125
-22.430419921875 72.9736328125 -0.897216796875
-21.533203125 73.57177734375 -1.1962890625
-20.3369140625 72.9736328125 -0.299072265625
-20.4864501953125 72.5250244140625 -1.0467529296875
-21.234130859375 72.076416015625 -1.79443359375
-20.635986328125 72.37548828125 -0.59814453125
-21.832275390625 71.77734375 -1.1962890625
-20.4864501953125 71.9268798828125 -1.9439697265625
-20.93505859375 72.9736328125 -1.1962890625
-20.037841796875 72.9736328125 -1.79443359375
-20.7855224609375 72.5250244140625 -0.7476806640625
-19.73876953125 72.076416015625 -0.897216796875
-20.1873779296875 72.8240966796875 -1.0467529296875
-20.1873779296875 72.2259521484375 -1.9439697265625
-21.3836669921875 72.5250244140625 -0.7476806640625
-20.3369140625 72.674560546875 -1.495361328125
-21.3836669921875 72.5250244140625 -1.3458251953125
-21.3836669921875 71.6278076171875 -1.0467529296875
-20.93505859375 72.076416015625 -1.1962890625
-21.0845947265625 73.1231689453125 -1.0467529296875
-20.7855224609375 72.2259521484375 -1.0467529296875
-21.533203125 72.9736328125 -1.1962890625
-20.635986328125 72.076416015625 -1.79443359375
-20.1873779296875 72.2259521484375 -0.7476806640625
-20.7855224609375 72.5250244140625 -2.2430419921875
-19.73876953125 71.478271484375 -1.1962890625
-19.5892333984375 73.1231689453125 -1.0467529296875
-20.7855224609375 72.5250244140625 -1.3458251953125
-19.5892333984375 72.5250244140625 -0.7476806640625
-20.3369140625 72.674560546875 -1.79443359375
-19.73876953125 72.37548828125 -0.59814453125
-19.8883056640625 71.6278076171875 -1.6448974609375
-19.140625 72.674560546875 -1.495361328125
-20.635986328125 72.674560546875 -0.897216796875
-20.037841796875 72.674560546875 -1.495361328125
-20.635986328125 72.076416015625 -0.897216796875
-20.93505859375 72.37548828125 0.0
-21.3836669921875 73.1231689453125 -0.7476806640625
-20.4864501953125 71.9268798828125 -1.0467529296875
-19.73876953125 71.77734375 -0.59814453125
-20.037841796875 72.37548828125 -1.495361328125
-21.234130859375 72.37548828125 -1.1962890625
-19.140625 72.674560546875 -1.79443359375
-21.6827392578125 73.4222412109375 -1.0467529296875
-20.93505859375 72.076416015625 -0.897216796875
-20.1873779296875 71.9268798828125 -1.6448974609375
-20.037841796875 71.478271484375 -1.79443359375
-20.635986328125 72.37548828125 -1.1962890625
-21.0845947265625 71.6278076171875 -1.3458251953125
-20.037841796875 72.9736328125 -1.1962890625
-20.93505859375 72.9736328125 -0.59814453125
-20.4864501953125 71.9268798828125 -1.3458251953125
-19.8883056640625 72.2259521484375 -2.2430419921875
-21.3836669921875 72.8240966796875 -0.4486083984375
-20.635986328125 71.478271484375 -2.093505859375
-20.3369140625 72.37548828125 -1.1962890625
-21.234130859375 72.674560546875 -0.897216796875
-19.8883056640625 73.4222412109375 -0.7476806640625
-20.635986328125 71.77734375 -0.59814453125
-18.243408203125 72.9736328125 -0.897216796875
-20.93505859375 72.37548828125 -1.1962890625
-20.4864501953125 71.6278076171875 -0.1495361328125
-20.037841796875 72.37548828125 -0.897216796875
-18.3929443359375 71.9268798828125 -2.2430419921875
-19.439697265625 71.478271484375 -0.299072265625
-19.2901611328125 72.8240966796875 -0.1495361328125
-19.73876953125 72.076416015625 -0.299072265625
-19.140625 72.674560546875 -1.1962890625
-20.1873779296875 71.6278076171875 -1.3458251953125
-18.841552734375 73.57177734375 -0.59814453125
-19.439697265625 72.37548828125 -1.495361328125
-19.439697265625 72.674560546875 -1.495361328125
-20.93505859375 72.37548828125 0.59814453125
-20.3369140625 71.77734375 -0.897216796875
-21.3836669921875 71.6278076171875 -1.6448974609375
-19.8883056640625 72.2259521484375 -1.0467529296875
-19.8883056640625 71.3287353515625 -1.3458251953125
-20.1873779296875 72.2259521484375 -0.4486083984375
-20.1873779296875 72.2259521484375 -0.4486083984375
-19.2901611328125 71.3287353515625 -2.2430419921875
-19.5892333984375 73.1231689453125 -1.9439697265625
-19.8883056640625 71.3287353515625 -1.9439697265625
-20.4864501953125 71.9268798828125 -1.3458251953125
-21.0845947265625 71.3287353515625 -0.4486083984375
-20.7855224609375 73.1231689453125 -0.4486083984375
-19.73876953125 72.674560546875 -1.1962890625
-21.234130859375 72.9736328125 0.0
-19.5892333984375 71.9268798828125 -1.6448974609375
-20.93505859375 72.9736328125 -1.79443359375
-20.4864501953125 71.9268798828125 -1.0467529296875
-21.6827392578125 72.5250244140625 -1.0467529296875
-20.3369140625 72.9736328125 -1.79443359375
-21.6827392578125 72.2259521484375 -0.4486083984375
-20.1873779296875 73.1231689453125 -0.4486083984375
-21.234130859375 73.57177734375 -0.897216796875
-20.4864501953125 71.9268798828125 -1.3458251953125
-20.1873779296875 71.9268798828125 -0.4486083984375
-20.93505859375 72.37548828125 -1.495361328125
-21.234130859375 73.57177734375 -2.691650390625
-20.93505859375 72.674560546875 -1.1962890625
-21.3836669921875 73.1231689453125 -1.0467529296875
-20.93505859375 72.076416015625 -1.1962890625
-21.9818115234375 72.8240966796875 -0.4486083984375
-19.8883056640625 71.9268798828125 -0.1495361328125
-20.4864501953125 72.5250244140625 -1.3458251953125
-20.4864501953125 72.5250244140625 -1.6448974609375
-20.4864501953125 71.6278076171875 -1.3458251953125
-19.140625 71.17919921875 -0.299072265625
-19.8883056640625 72.5250244140625 -1.0467529296875
-19.8883056640625 72.8240966796875 -0.1495361328125
-22.13134765625 72.9736328125 -2.093505859375
-21.6827392578125 73.1231689453125 -0.7476806640625
-21.533203125 73.272705078125 -1.79443359375
-20.3369140625 71.478271484375 -1.1962890625
-20.037841796875 73.57177734375 -0.897216796875
-19.2901611328125 73.1231689453125 -0.7476806640625
-18.243408203125 72.37548828125 -2.392578125
-21.234130859375 72.37548828125 -0.897216796875
-20.1873779296875 72.5250244140625 -1.0467529296875
-20.037841796875 71.478271484375 -0.897216796875
-20.4864501953125 72.5250244140625 -0.7476806640625
-20.635986328125 71.77734375 -1.495361328125
-21.234130859375 72.37548828125 -0.59814453125
-21.0845947265625 73.1231689453125 -1.0467529296875
-20.7855224609375 71.3287353515625 -1.3458251953125
-21.0845947265625 73.1231689453125 -1.3458251953125
-20.3369140625 71.478271484375 -0.299072265625
-20.037841796875 72.674560546875 0.0
-18.54248046875 73.272705078125 -1.495361328125
-20.4864501953125 71.6278076171875 -1.3458251953125
-21.3836669921875 72.2259521484375 -0.7476806640625
-19.8883056640625 71.9268798828125 -0.4486083984375
-18.9910888671875 71.6278076171875 -0.7476806640625
-20.1873779296875 72.5250244140625 -1.3458251953125
-20.1873779296875 72.2259521484375 -1.3458251953125
-20.037841796875 72.37548828125 -0.897216796875
-18.54248046875 70.880126953125 -0.59814453125
-20.1873779296875 71.9268798828125 -1.3458251953125
-21.3836669921875 72.5250244140625 -1.0467529296875
-20.7855224609375 72.5250244140625 -1.3458251953125
-21.0845947265625 72.8240966796875 -0.4486083984375
-20.037841796875 71.77734375 -0.59814453125
-20.037841796875 72.076416015625 -0.59814453125
-19.8883056640625 72.5250244140625 -1.0467529296875
-20.3369140625 71.77734375 -1.495361328125
-19.73876953125 72.9736328125 -0.59814453125
-20.3369140625 72.674560546875 -0.299072265625
-19.439697265625 72.37548828125 -1.79443359375
-19.5892333984375 72.2259521484375 -2.2430419921875
-19.8883056640625 73.7213134765625 -1.0467529296875
-20.4864501953125 72.8240966796875 -1.0467529296875
-20.1873779296875 71.6278076171875 -1.9439697265625
-19.8883056640625 72.5250244140625 0.1495361328125
-20.3369140625 72.076416015625 -2.392578125
-19.439697265625 72.674560546875 -0.897216796875
-19.140625 71.77734375 -2.392578125
-19.439697265625 72.076416015625 -1.1962890625
-19.439697265625 72.674560546875 -1.1962890625
-20.635986328125 72.37548828125 -1.1962890625
-20.1873779296875 72.5250244140625 -0.4486083984375
-18.841552734375 73.57177734375 -0.897216796875
-20.4864501953125 72.2259521484375 -1.3458251953125
-20.7855224609375 72.8240966796875 -0.4486083984375
-18.9910888671875 73.1231689453125 -1.0467529296875
-19.5892333984375 72.2259521484375 -1.0467529296875
-19.140625 72.37548828125 -1.79443359375
-18.9910888671875 71.6278076171875 -1.6448974609375
-19.5892333984375 72.2259521484375 -1.3458251953125
-19.8883056640625 72.2259521484375 -1.3458251953125
-19.2901611328125 73.4222412109375 -1.3458251953125
-18.6920166015625 72.5250244140625 -0.7476806640625
-20.3369140625 70.880126953125 -1.1962890625
-19.2901611328125 72.2259521484375 -1.3458251953125
-18.0938720703125 72.5250244140625 -1.0467529296875
-19.2901611328125 72.8240966796875 -0.7476806640625
-19.439697265625 72.9736328125 -1.79443359375
-18.0938720703125 71.9268798828125 -1.6448974609375
-18.841552734375 72.9736328125 -1.1962890625
-19.2901611328125 72.2259521484375 -1.6448974609375
-19.73876953125 71.77734375 -1.1962890625
-18.841552734375 71.478271484375 -2.392578125
-20.1873779296875 71.6278076171875 -1.6448974609375
-19.73876953125 73.272705078125 -1.79443359375
-19.2901611328125 72.2259521484375 -0.7476806640625
-19.8883056640625 72.5250244140625 -0.7476806640625
-20.3369140625 71.77734375 -1.1962890625
-20.1873779296875 72.8240966796875 -1.3458251953125
-19.5892333984375 72.8240966796875 -0.4486083984375
-20.4864501953125 72.5250244140625 -1.9439697265625
-21.234130859375 72.9736328125 -1.1962890625
-20.037841796875 72.674560546875 -0.59814453125
-19.5892333984375 73.1231689453125 -1.3458251953125
-20.037841796875 72.37548828125 -0.59814453125
-21.533203125 71.77734375 -2.392578125
-20.93505859375 72.076416015625 -1.1962890625
-19.8883056640625 72.2259521484375 -2.2430419921875
-20.4864501953125 72.8240966796875 -0.4486083984375
-19.73876953125 72.37548828125 0.0
-20.1873779296875 72.5250244140625 -1.3458251953125
-20.635986328125 72.076416015625 -0.897216796875
-20.635986328125 72.076416015625 -1.495361328125
-19.439697265625 72.37548828125 -1.1962890625
-20.7855224609375 72.5250244140625 -1.6448974609375
-19.73876953125 71.478271484375 -2.093505859375
-19.5892333984375 72.2259521484375 -1.9439697265625
-20.1873779296875 72.8240966796875 -1.6448974609375
-19.8883056640625 73.1231689453125 -1.3458251953125
-20.1873779296875 72.8240966796875 -1.0467529296875
-20.93505859375 72.9736328125 -2.392578125
-20.3369140625 72.37548828125 -2.093505859375
-20.93505859375 73.870849609375 -1.495361328125
-20.93505859375 72.674560546875 -1.495361328125
-21.234130859375 73.57177734375 -2.093505859375
-20.1873779296875 72.2259521484375 -0.1495361328125
-18.9910888671875 72.5250244140625 -0.7476806640625
-19.73876953125 72.674560546875 -1.1962890625
-20.037841796875 73.870849609375 -1.79443359375
-19.2901611328125 72.5250244140625 -1.6448974609375
-19.2901611328125 72.5250244140625 -1.0467529296875
-20.7855224609375 72.5250244140625 -0.7476806640625
-19.2901611328125 72.2259521484375 -1.6448974609375
-20.3369140625 71.77734375 -1.495361328125
-21.6827392578125 72.8240966796875 -0.7476806640625
-19.73876953125 71.478271484375 -0.897216796875
-19.439697265625 72.9736328125 -2.093505859375
-19.2901611328125 72.8240966796875 -1.0467529296875
-21.234130859375 72.37548828125 -0.299072265625
-21.3836669921875 72.2259521484375 -1.0467529296875
-20.4864501953125 73.4222412109375 -1.3458251953125
-21.533203125 72.9736328125 -1.1962890625
-20.7855224609375 71.0296630859375 0.1495361328125
-20.3369140625 72.674560546875 -2.392578125
-20.4864501953125 72.8240966796875 -0.1495361328125
-21.3836669921875 72.8240966796875 -1.0467529296875
-20.3369140625 72.37548828125 -2.093505859375
-20.1873779296875 71.9268798828125 -0.4486083984375
-20.037841796875 71.77734375 -0.897216796875
-20.1873779296875 72.2259521484375 -0.7476806640625
-19.8883056640625 72.5250244140625 -1.3458251953125
-20.7855224609375 72.8240966796875 -1.9439697265625
-20.93505859375 72.076416015625 -0.59814453125
-19.439697265625 72.076416015625 0.59814453125
-20.7855224609375 72.2259521484375 -1.0467529296875
